local keys = {
    "jacker1",
    "jacker2",
    "jacker3",
    "jacker4",
    "jacker5",
    "AnEditor-FBICODE@FBIZPS.org",
    "AnEditor-FBICODE@FBIZPS.xyz",
    "Rivai12345678676",
    "vyvyvyvyvyvyvyvyvyv"
}

local counter = 1
local keyCheck
for i,v in pairs(keys) do
   if counter == #keys then
       keys = ""
       game.Players.LocalPlayer:Kick("con di me may sai key con cac")
   else
       if v == getgenv().Key then
       end
    end
end
print("Success Key")

repeat wait() until game.Players
repeat wait() until game.Players.LocalPlayer
repeat wait() until game.ReplicatedStorage
repeat wait() until game.ReplicatedStorage:FindFirstChild("Remotes");
repeat wait() until game.Players.LocalPlayer:FindFirstChild("PlayerGui");
repeat wait() until game.Players.LocalPlayer.PlayerGui:FindFirstChild("Main");
repeat wait() until game:GetService("Players")
repeat wait() until game:GetService("Players").LocalPlayer.Character:FindFirstChild("Energy")

wait(1)

if not game:IsLoaded() then repeat game.Loaded:Wait() until game:IsLoaded() end

if game:GetService("Players").LocalPlayer.PlayerGui.Main:FindFirstChild("ChooseTeam") then
    repeat wait()
        if game:GetService("Players").LocalPlayer.PlayerGui:WaitForChild("Main").ChooseTeam.Visible == true then
            if _G.Team == "Pirate" then
                for i, v in pairs(getconnections(game:GetService("Players").LocalPlayer.PlayerGui.Main.ChooseTeam.Container.Pirates.Frame.ViewportFrame.TextButton.Activated)) do                                                                                                
                    v.Function()
                end
            elseif _G.Team == "Marine" then
                for i, v in pairs(getconnections(game:GetService("Players").LocalPlayer.PlayerGui.Main.ChooseTeam.Container.Marines.Frame.ViewportFrame.TextButton.Activated)) do                                                                                                
                    v.Function()
                end
            else
                for i, v in pairs(getconnections(game:GetService("Players").LocalPlayer.PlayerGui.Main.ChooseTeam.Container.Pirates.Frame.ViewportFrame.TextButton.Activated)) do                                                                                                
                    v.Function()
                end
            end
        end
    until game.Players.LocalPlayer.Team ~= nil and game:IsLoaded()
end

_G.Settings = {
    Auto_Farm_Level = false;
    Auto_Second_Sea = false;
    Auto_Third_Sea = false;
    Auto_Near_Mob = false;
    Bring_Mob = true;
    Fast_Attack = true;
    Auto_Saber = false;
    Auto_Pole = false;
    Select_Weapon = nil;
    Auto_Start_Raid = false;
    Kill_Aura = false;
    Auto_Next_Island = false;
    Auto_Buy_Chips_Raid = false;
    Auto_Buy_Chips_Law_Raid = false;
    Auto_Start_Law_Raid = false;
    Kill_law = false;
    Weapon_Law_Raid = nil;
}

local foldername = "RiVai Hub"
local filename = "BloxFruit "..game.Players.LocalPlayer.Name.." Config.json"
 
function saveSettings()
    local HttpService = game:GetService("HttpService")
    local json = HttpService:JSONEncode(_G.Settings)
    if (writefile) then
        if isfolder(foldername) then
			if isfile(foldername.."\\"..filename) then
				writefile(foldername.."\\"..filename, json)
			else
				writefile(foldername.."\\"..filename, json)
			end
        else
            makefolder(foldername)
			writefile(foldername.."\\"..filename, json)
        end
    end
end

function loadSettings()
    local HttpService = game:GetService("HttpService")
    if isfile(foldername.."\\"..filename) then
        _G.Settings = HttpService:JSONDecode(readfile(foldername.."\\"..filename))
    end
end
 
loadSettings()

if _G.Select_Weapon == nil then
    for i,v in pairs(game:GetService("Players").LocalPlayer.Backpack:GetChildren()) do
        if v.ToolTip == "Melee" then
            if game.Players.LocalPlayer.Backpack:FindFirstChild(tostring(v.Name)) then
                _G.Select_Weapon = tostring(v.Name)
            end
        end
    end
end

if _G.Select_Boss == nil then
	_G.Select_Boss = "nil"
end

if game.PlaceId == 2753915549 then
	World1 = true
elseif game.PlaceId == 4442272183 then
	World2 = true
elseif game.PlaceId == 7449423635 then
	World3 = true
end

function CheckQuest() 
	local MyLevel = game.Players.LocalPlayer.Data.Level.Value
    if World1 then
		if MyLevel == 1 or MyLevel <= 9 or _G.Select_Mob_Farm == "Bandit [Lv. 5]" then -- Bandit
			Ms = "Bandit [Lv. 5]"
			NameQuest = "BanditQuest1"
			LevelQuest = 1
			NameMon = "Bandit"
			CFrameQuest = CFrame.new(1061.66699, 16.5166187, 1544.52905, -0.942978859, -3.338515e-9, 0.332852632, 7.043405e-9, 1, 2.9984133e-8, -0.332852632, 3.0618818e-8, -0.942978859)
			CFrameMon = CFrame.new(1199.31287, 52.2717781, 1536.91516, -0.929782331, 6.6021585e-8, -0.368109822, 3.9077392e-8, 1, 8.065016e-8, 0.368109822, 6.0602325e-8, -0.929782331)
			SPAWNPOINT = "Default"
        elseif MyLevel == 10 or MyLevel <= 14 or _G.Select_Mob_Farm == "Monkey [Lv. 14]" then -- Monkey
			Ms = "Monkey [Lv. 14]"
			NameQuest = "JungleQuest"
			LevelQuest = 1
			NameMon = "Monkey"
			CFrameQuest = CFrame.new(-1604.12012, 36.8521118, 154.23732, 0.0648873374, -0.000004708589, -0.997892559, 1.4143188e-7, 1, -0.0000047093367, 0.997892559, 1.6444218e-7, 0.0648873374)
			CFrameMon = CFrame.new(-1502.74609, 98.5633316, 90.6417007, 0.836947978, 0, 0.547282517, -0, 1, -0, -0.547282517, 0, 0.836947978)
			SPAWNPOINT = "Jungle"
		elseif MyLevel == 15 or MyLevel <= 29 or _G.Select_Mob_Farm == "Gorilla [Lv. 20]" then -- Gorilla
			Ms = "Gorilla [Lv. 20]"
			NameQuest = "JungleQuest"
			LevelQuest = 2
			NameMon = "Gorilla"
			CFrameQuest = CFrame.new(-1604.12012, 36.8521118, 154.23732, 0.0648873374, -0.000004708589, -0.997892559, 1.4143188e-7, 1, -0.0000047093367, 0.997892559, 1.6444218e-7, 0.0648873374)
			CFrameMon = CFrame.new(-1223.52808, 6.27936459, -502.292664, 0.310949147, -5.666025e-8, 0.950426519, -3.372755e-8, 1, 7.065018e-8, -0.950426519, -5.4024174e-8, 0.310949147)
			SPAWNPOINT = "Jungle"
		elseif MyLevel == 30 or MyLevel <= 39 or _G.Select_Mob_Farm == "Pirate [Lv. 35]" then -- Pirate
			Ms = "Pirate [Lv. 35]"
			NameQuest = "BuggyQuest1"
			LevelQuest = 1
			NameMon = "Pirate"
			CFrameQuest = CFrame.new(-1139.59717, 4.75205183, 3825.16211, -0.959730506, -7.585705e-9, 0.280922383, -4.0631033e-8, 1, -1.11807175e-7, -0.280922383, -1.18718916e-7, -0.959730506)
			CFrameMon = CFrame.new(-1219.32324, 4.75205183, 3915.63452, -0.966492832, -6.9123885e-8, 0.25669381, -5.211955e-8, 1, 7.304701e-8, -0.25669381, 5.722065e-8, -0.966492832)
			SPAWNPOINT = "Pirate"
		elseif MyLevel == 40 or MyLevel <= 59 or _G.Select_Mob_Farm == "Brute [Lv. 45]" then -- Brute
			Ms = "Brute [Lv. 45]"
			NameQuest = "BuggyQuest1"
			LevelQuest = 2
			NameMon = "Brute"
			CFrameQuest = CFrame.new(-1139.59717, 4.75205183, 3825.16211, -0.959730506, -7.585705e-9, 0.280922383, -4.0631033e-8, 1, -1.11807175e-7, -0.280922383, -1.18718916e-7, -0.959730506)
			CFrameMon = CFrame.new(-1146.49646, 96.0936813, 4312.1333, -0.978175163, -1.5322206e-8, 0.207781896, -3.333169e-8, 1, -8.317389e-8, -0.207781896, -8.828435e-8, -0.978175163)
			SPAWNPOINT = "Pirate"
		elseif MyLevel == 60 or MyLevel <= 74 or _G.Select_Mob_Farm == "Desert Bandit [Lv. 60]" then -- Desert Bandit
			Ms = "Desert Bandit [Lv. 60]"
			NameQuest = "DesertQuest"
			LevelQuest = 1
			NameMon = "Desert Bandit"
			CFrameQuest = CFrame.new(897.031128, 6.43846416, 4388.97168, -0.804044724, 3.6823327e-8, 0.594568789, 6.978352e-8, 1, 3.2436525e-8, -0.594568789, 6.757152e-8, -0.804044724)
			CFrameMon = CFrame.new(932.788818, 6.4503746, 4488.24609, -0.998625934, 3.0894835e-8, 0.0524050146, 2.799673e-8, 1, -5.603613e-8, -0.0524050146, -5.4491963e-8, -0.998625934)
			SPAWNPOINT = "Desert"
		elseif MyLevel == 75 or MyLevel <= 89 or _G.Select_Mob_Farm == "Desert Officer [Lv. 70]" then -- Desert Officre
			Ms = "Desert Officer [Lv. 70]"
			NameQuest = "DesertQuest"
			LevelQuest = 2
			NameMon = "Desert Officer"
			CFrameQuest = CFrame.new(897.031128, 6.43846416, 4388.97168, -0.804044724, 3.6823327e-8, 0.594568789, 6.978352e-8, 1, 3.2436525e-8, -0.594568789, 6.757152e-8, -0.804044724)
			CFrameMon = CFrame.new(1580.03198, 4.61375761, 4366.86426, 0.135744005, -6.442807e-8, -0.990743816, 4.357383e-8, 1, -5.9059857e-8, 0.990743816, -3.5153484e-8, 0.135744005)
			SPAWNPOINT = "Desert"
		elseif MyLevel == 90 or MyLevel <= 99 or _G.Select_Mob_Farm == "Snow Bandit [Lv. 90]" then -- Snow Bandits
			Ms = "Snow Bandit [Lv. 90]"
			NameQuest = "SnowQuest"
			LevelQuest = 1
			NameMon = "Snow Bandits"
			CFrameQuest = CFrame.new(1384.14001, 87.272789, -1297.06482, 0.348555952, -2.5394784e-9, -0.937287986, 1.4986057e-8, 1, 2.863582e-9, 0.937287986, -1.5044371e-8, 0.348555952)
			CFrameMon = CFrame.new(1370.24316, 102.403511, -1411.52905, 0.980274439, -1.1299573e-8, 0.197641045, -9.5734345e-9, 1, 1.04655214e-7, -0.197641045, -1.04482936e-7, 0.980274439)
			SPAWNPOINT = "Ice"
		elseif MyLevel == 100 or MyLevel <= 119 or _G.Select_Mob_Farm == "Snowman [Lv. 100]"  then -- Snowman
			Ms = "Snowman [Lv. 100]"
			NameQuest = "SnowQuest"
			LevelQuest = 2
			NameMon = "Snowman"
			CFrameQuest = CFrame.new(1384.14001, 87.272789, -1297.06482, 0.348555952, -2.5394784e-9, -0.937287986, 1.4986057e-8, 1, 2.863582e-9, 0.937287986, -1.5044371e-8, 0.348555952)
			CFrameMon = CFrame.new(1370.24316, 102.403511, -1411.52905, 0.980274439, -1.1299573e-8, 0.197641045, -9.5734345e-9, 1, 1.04655214e-7, -0.197641045, -1.04482936e-7, 0.980274439)
			SPAWNPOINT = "Ice"
		elseif MyLevel == 120 or MyLevel <= 149 or _G.Select_Mob_Farm == "Chief Petty Officer [Lv. 120]" then -- Chief Petty Officer
			Ms = "Chief Petty Officer [Lv. 120]"
			NameQuest = "MarineQuest2"
			LevelQuest = 1
			NameMon = "Chief Petty Officer"
			CFrameQuest = CFrame.new(-5035.0835, 28.6520386, 4325.29443, 0.0243340395, -7.0806465e-8, 0.999703884, -6.369268e-8, 1, 7.2377794e-8, -0.999703884, -6.543507e-8, 0.0243340395)
			CFrameMon = CFrame.new(-4882.8623, 22.6520386, 4255.53516, 0.273695946, -5.4038065e-8, -0.96181643, 4.377208e-8, 1, -4.37275e-8, 0.96181643, -3.0132668e-8, 0.273695946)
			SPAWNPOINT = "MarineBase"
		elseif MyLevel == 150 or MyLevel <= 174 or _G.Select_Mob_Farm == "Sky Bandit [Lv. 150]" then -- Sky Bandit
			Ms = "Sky Bandit [Lv. 150]"
			NameQuest = "SkyQuest"
			LevelQuest = 1
			NameMon = "Sky Bandit"
			CFrameQuest = CFrame.new(-4841.83447, 717.669617, -2623.96436, -0.875942111, 5.597102e-8, -0.482416272, 3.040231e-8, 1, 6.0819595e-8, 0.482416272, 3.8607872e-8, -0.875942111)
			CFrameMon = CFrame.new(-4970.74219, 294.544342, -2890.11353, -0.994874597, -8.6131124e-8, -0.101116329, -9.108362e-8, 1, 4.4361492e-8, 0.101116329, 5.3344166e-8, -0.994874597)
			SPAWNPOINT = "Sky"
		elseif MyLevel == 175 or MyLevel <= 189 or _G.Select_Mob_Farm == "Dark Master [Lv. 175]" then -- Dark Master
			Ms = "Dark Master [Lv. 175]"
			NameQuest = "SkyQuest"
			LevelQuest = 2
			NameMon = "Dark Master"
			CFrameQuest = CFrame.new(-4841.83447, 717.669617, -2623.96436, -0.875942111, 5.597102e-8, -0.482416272, 3.040231e-8, 1, 6.0819595e-8, 0.482416272, 3.8607872e-8, -0.875942111)
			CFrameMon = CFrame.new(-5220.58594, 430.693298, -2278.17456, -0.925375521, 1.1208687e-8, 0.379051805, -1.0511551e-8, 1, -5.523209e-8, -0.379051805, -5.509484e-8, -0.925375521)
			SPAWNPOINT = "Sky"
		elseif MyLevel == 190 or MyLevel <= 209 or _G.Select_Mob_Farm == "Prisoner [Lv. 190]" then
			Ms = "Prisoner [Lv. 190]"
			NameQuest = "PrisonerQuest"
			LevelQuest = 1
			NameMon = "Prisoner"
			CFrameQuest = CFrame.new(5308.93115, 1.65517521, 475.120514, -0.0894274712, -5.002929e-9, -0.995993316, 1.6081786e-9, 1, -5.1674487e-9, 0.995993316, -2.063847e-9, -0.0894274712)
			CFrameMon = CFrame.new(5433.39307, 88.678093, 514.986877, 0.879988372, 0, -0.474995494, 0, 1, 0, 0.474995494, 0, 0.879988372)
			SPAWNPOINT = "Prison"
		elseif MyLevel == 210 or MyLevel <= 249 or _G.Select_Mob_Farm == "Dangerous Prisoner [Lv. 210]" then
			Ms = "Dangerous Prisoner [Lv. 210]"
			NameQuest = "PrisonerQuest"
			LevelQuest = 2
			NameMon = "Dangerous Prisoner"
			CFrameQuest = CFrame.new(5308.93115, 1.65517521, 475.120514, -0.0894274712, -5.002929e-9, -0.995993316, 1.6081786e-9, 1, -5.1674487e-9, 0.995993316, -2.063847e-9, -0.0894274712)
			CFrameMon = CFrame.new(5433.39307, 88.678093, 514.986877, 0.879988372, 0, -0.474995494, 0, 1, 0, 0.474995494, 0, 0.879988372)
			SPAWNPOINT = "Prison"
		elseif MyLevel == 250 or MyLevel <= 274 or _G.Select_Mob_Farm == "Toga Warrior [Lv. 225]" then -- Toga Warrior
			Ms = "Toga Warrior [Lv. 250]"
			NameQuest = "ColosseumQuest"
			LevelQuest = 1
			NameMon = "Toga Warrior"
			CFrameQuest = CFrame.new(-1576.11743, 7.38933945, -2983.30762, 0.576966345, 1.2211486e-9, 0.816767931, -3.584966e-10, 1, -1.2418561e-9, -0.816767931, 4.2370063e-10, 0.576966345)
			CFrameMon = CFrame.new(-1779.97583, 44.6077499, -2736.35474, 0.984437346, 4.1039634e-8, 0.175734788, -3.6228688e-8, 1, -3.0584417e-8, -0.175734788, 2.3741821e-8, 0.984437346)
			SPAWNPOINT = "Colosseum"
		elseif MyLevel == 275 or MyLevel <= 299 or _G.Select_Mob_Farm == "Gladiator [Lv. 275]" then -- Gladiato
			Ms = "Gladiator [Lv. 275]"
			NameQuest = "ColosseumQuest"
			LevelQuest = 2
			NameMon = "Gladiato"
			CFrameQuest = CFrame.new(-1576.11743, 7.38933945, -2983.30762, 0.576966345, 1.2211486e-9, 0.816767931, -3.584966e-10, 1, -1.2418561e-9, -0.816767931, 4.2370063e-10, 0.576966345)
			CFrameMon = CFrame.new(-1274.75903, 58.1895943, -3188.16309, 0.464524001, 6.210056e-8, 0.885560572, -4.804494e-9, 1, -6.760548e-8, -0.885560572, 2.7149701e-8, 0.464524001)
			SPAWNPOINT = "Colosseum"
		elseif MyLevel == 300 or MyLevel <= 324 or _G.Select_Mob_Farm == "Military Soldier [Lv. 300]" then -- Military Soldier
			Ms = "Military Soldier [Lv. 300]"
			NameQuest = "MagmaQuest"
			LevelQuest = 1
			NameMon = "Military Soldier"
			CFrameQuest = CFrame.new(-5316.55859, 12.2370615, 8517.2998, 0.588437557, -1.3788e-8, -0.808542669, -2.101162e-8, 1, -3.2344648e-8, 0.808542669, 3.6021596e-8, 0.588437557)
			CFrameMon = CFrame.new(-5363.01123, 41.5056877, 8548.47266, -0.578253984, -3.295031e-10, 0.815856814, 9.112097e-8, 1, 6.498761e-8, -0.815856814, 1.11921e-7, -0.578253984)
			SPAWNPOINT = "Magma"
		elseif MyLevel == 325 or MyLevel <= 374 or _G.Select_Mob_Farm == "Military Spy [Lv. 330]" then -- Military Spy
			Ms = "Military Spy [Lv. 325]"
			NameQuest = "MagmaQuest"
			LevelQuest = 2
			NameMon = "Military Spy"
			CFrameQuest = CFrame.new(-5316.55859, 12.2370615, 8517.2998, 0.588437557, -1.3788e-8, -0.808542669, -2.101162e-8, 1, -3.2344648e-8, 0.808542669, 3.6021596e-8, 0.588437557)
			CFrameMon = CFrame.new(-5787.99023, 120.864456, 8762.25293, -0.188358366, -1.8470628e-8, 0.982100308, -1.2378213e-7, 1, -4.9330695e-9, -0.982100308, -1.2249565e-7, -0.188358366)
			SPAWNPOINT = "Magma"
		elseif MyLevel == 375 or MyLevel <= 399 or _G.Select_Mob_Farm == "Fishman Warrior [Lv. 375]" then -- Fishman Warrior
			Ms = "Fishman Warrior [Lv. 375]"
			NameQuest = "FishmanQuest"
			LevelQuest = 1
			NameMon = "Fishman Warrior"
			CFrameQuest = CFrame.new(61122.5625, 18.4716396, 1568.16504, 0.893533468, 3.952516e-9, 0.448996574, -2.3432746e-8, 1, 3.7829746e-8, -0.448996574, -4.4323365e-8, 0.893533468)
			CFrameMon = CFrame.new(60946.6094, 48.6735229, 1525.91687, -0.0817126185, 8.9075115e-8, 0.996655822, 2.008898e-8, 1, -8.772696e-8, -0.996655822, 1.2853399e-8, -0.0817126185)
			SPAWNPOINT = "Fountain"
        elseif MyLevel == 400 or MyLevel <= 449 or _G.Select_Mob_Farm == "Fishman Commando [Lv. 400]" then -- Fishman Commando
			Ms = "Fishman Commando [Lv. 400]"
			NameQuest = "FishmanQuest"
			LevelQuest = 2
			NameMon = "Fishman Commando"
			CFrameQuest = CFrame.new(61122.5625, 18.4716396, 1568.16504, 0.893533468, 3.952516e-9, 0.448996574, -2.3432746e-8, 1, 3.7829746e-8, -0.448996574, -4.4323365e-8, 0.893533468)
			CFrameMon = CFrame.new(61885.5039, 18.4828243, 1504.17896, 0.577502489, 0, -0.816389024, -0, 1.00000012, -0, 0.816389024, 0, 0.577502489)
			SPAWNPOINT = "Fountain"
        elseif MyLevel == 450 or MyLevel <= 474 or _G.Select_Mob_Farm == "God's Guard [Lv. 450]" then -- God's Guards
			Ms = "God's Guard [Lv. 450]"
			NameQuest = "SkyExp1Quest"
			LevelQuest = 1
			NameMon = "God's Guards"
			CFrameQuest = CFrame.new(-4721.71436, 845.277161, -1954.20105, -0.999277651, -5.5696976e-9, 0.0380011722, -4.1475148e-9, 1, 3.7503526e-8, -0.0380011722, 3.731883e-8, -0.999277651)
			CFrameMon = CFrame.new(-4716.95703, 853.089722, -1933.92542, -0.93441087, -6.7748878e-9, -0.356197298, 1.1214518e-8, 1, -4.843902e-8, 0.356197298, -4.925652e-8, -0.93441087)
			SPAWNPOINT = "Sky"
        elseif MyLevel == 475 or MyLevel <= 524 or _G.Select_Mob_Farm == "Shanda [Lv. 475]" then -- Shandas
            sky = false
			Ms = "Shanda [Lv. 475]"
			NameQuest = "SkyExp1Quest"
			LevelQuest = 2
			NameMon = "Shandas"
			CFrameQuest = CFrame.new(-7863.63672, 5545.49316, -379.826324, 0.362120807, -1.9804634e-8, -0.93213129, 4.058223e-8, 1, -5.4809512e-9, 0.93213129, -3.5843197e-8, 0.362120807)
			CFrameMon = CFrame.new(-7685.12354, 5601.05127, -443.171509, 0.150056243, 1.7976824e-8, -0.988677442, 6.6779866e-9, 1, 1.9196248e-8, 0.988677442, -9.482892e-9, 0.150056243)
			SPAWNPOINT = "Sky"
        elseif MyLevel == 525 or MyLevel <= 549 or _G.Select_Mob_Farm == "Royal Squad [Lv. 525]" then -- Royal Squad
            sky = true
			Ms = "Royal Squad [Lv. 525]"
			NameQuest = "SkyExp2Quest"
			LevelQuest = 1
			NameMon = "Royal Squad"
			CFrameQuest = CFrame.new(-7902.66895, 5635.96387, -1411.71802, 0.0504222959, 2.5710392e-8, 0.998727977, 1.1254156e-7, 1, -3.1424968e-8, -0.998727977, 1.1398292e-7, 0.0504222959)
			CFrameMon = CFrame.new(-7685.02051, 5606.87842, -1442.729, 0.561947823, 7.695275e-9, -0.827172697, -4.2497454e-9, 1, 6.4159997e-9, 0.827172697, -9.018386e-11, 0.561947823)
			SPAWNPOINT = "Sky2"
		elseif MyLevel == 550 or MyLevel <= 624 or _G.Select_Mob_Farm == "Royal Soldier [Lv. 550]" then -- Royal Soldier
            Dis = 240
            sky = true
			Ms = "Royal Soldier [Lv. 550]"
			NameQuest = "SkyExp2Quest"
			LevelQuest = 2
			NameMon = "Royal Soldier"
			CFrameQuest = CFrame.new(-7902.66895, 5635.96387, -1411.71802, 0.0504222959, 2.5710392e-8, 0.998727977, 1.1254156e-7, 1, -3.1424968e-8, -0.998727977, 1.1398292e-7, 0.0504222959)
			CFrameMon = CFrame.new(-7864.44775, 5661.94092, -1708.22351, 0.998389959, 2.2868614e-9, -0.0567218624, 1.9943138e-9, 1, 7.5420026e-8, 0.0567218624, -7.541172e-8, 0.998389959)
			SPAWNPOINT = "Sky2"
		elseif MyLevel == 625 or MyLevel <= 649 or _G.Select_Mob_Farm == "Galley Pirate [Lv. 625]" then -- Galley Pirate
            Dis = 240
            sky = false
			Ms = "Galley Pirate [Lv. 625]"
			NameQuest = "FountainQuest"
			LevelQuest = 1
			NameMon = "Galley Pirate"
			CFrameQuest = CFrame.new(5254.60156, 38.5011406, 4049.69678, -0.0504891425, -3.620665e-8, -0.998724639, -9.879214e-9, 1, -3.5753455e-8, 0.998724639, 8.061453e-9, -0.0504891425)
			CFrameMon = CFrame.new(5595.06982, 41.5013695, 3961.47095, -0.992138803, -2.1161027e-8, -0.125142589, -1.3424951e-8, 1, -6.26614e-8, 0.125142589, -6.048875e-8, -0.992138803)
			SPAWNPOINT = "Fountain"
		elseif MyLevel >= 650 or _G.Select_Mob_Farm == "Galley Captain [Lv. 650]" then -- Galley Captain
            Dis = 240
			Ms = "Galley Captain [Lv. 650]"
			NameQuest = "FountainQuest"
			LevelQuest = 2
			NameMon = "Galley Captain"
			CFrameQuest = CFrame.new(5254.60156, 38.5011406, 4049.69678, -0.0504891425, -3.620665e-8, -0.998724639, -9.879214e-9, 1, -3.5753455e-8, 0.998724639, 8.061453e-9, -0.0504891425)
			CFrameMon = CFrame.new(5658.5752, 38.5361786, 4928.93506, -0.996873081, 0.0000021239105, -0.0790185928, 0.0000021698966, 1, -4.960974e-7, 0.0790185928, -6.6600825e-7, -0.996873081)
			SPAWNPOINT = "Fountain"
		end
    elseif World2 then
		if MyLevel == 700 or MyLevel <= 724 or _G.Select_Mob_Farm == "Raider [Lv. 700]" then -- Raider [Lv. 700]
			Ms = "Raider [Lv. 700]"
			NameQuest = "Area1Quest"
			LevelQuest = 1
			NameMon = "Raider"
			CFrameQuest = CFrame.new(-424.080078, 73.0055847, 1836.91589, 0.253544956, -1.4216593e-8, 0.967323601, -6.001478e-8, 1, 3.042729e-8, -0.967323601, -6.57684e-8, 0.253544956)
			CFrameMon = CFrame.new(-737.026123, 39.1748352, 2392.57959, 0.272128761, 0, -0.962260842, -0, 1, -0, 0.962260842, 0, 0.272128761)
			SPAWNPOINT = "DressTown"
		elseif MyLevel == 725 or MyLevel <= 774 or _G.Select_Mob_Farm == "Mercenary [Lv. 725]" then -- Mercenary [Lv. 725]
			Ms = "Mercenary [Lv. 725]"
			NameQuest = "Area1Quest"
			LevelQuest = 2
			NameMon = "Mercenary"
			CFrameQuest = CFrame.new(-424.080078, 73.0055847, 1836.91589, 0.253544956, -1.4216593e-8, 0.967323601, -6.001478e-8, 1, 3.042729e-8, -0.967323601, -6.57684e-8, 0.253544956)
			CFrameMon = CFrame.new(-973.731995, 95.8733215, 1836.46936, 0.999135971, 2.0232699e-8, -0.0415605344, -1.907678e-8, 1, 2.8209495e-8, 0.0415605344, -2.739228e-8, 0.999135971)
			SPAWNPOINT = "DressTown"
		elseif MyLevel == 775 or MyLevel <= 799 or _G.Select_Mob_Farm == "Swan Pirate [Lv. 775]" then -- Swan Pirate [Lv. 775]
			Ms = "Swan Pirate [Lv. 775]"
			NameQuest = "Area2Quest"
			LevelQuest = 1
			NameMon = "Swan Pirate"
			CFrameQuest = CFrame.new(632.698608, 73.1055908, 918.666321, -0.0319722369, 8.960749e-10, -0.999488771, 1.3632653e-10, 1, 8.9217234e-10, 0.999488771, -1.0773209e-10, -0.0319722369)
			CFrameMon = CFrame.new(970.369446, 142.653198, 1217.3667, 0.162079468, -4.8545264e-8, -0.986777723, 1.0335759e-8, 1, -4.7498087e-8, 0.986777723, -2.5006315e-9, 0.162079468)
			SPAWNPOINT = "DressTown"
		elseif MyLevel == 800 or MyLevel <= 874 or _G.Select_Mob_Farm == "Factory Staff [Lv. 800]" then -- Factory Staff [Lv. 800]
			Ms = "Factory Staff [Lv. 800]"
			NameQuest = "Area2Quest"
			LevelQuest = 2
			NameMon = "Factory Staff"
			CFrameQuest = CFrame.new(632.698608, 73.1055908, 918.666321, -0.0319722369, 8.960749e-10, -0.999488771, 1.3632653e-10, 1, 8.9217234e-10, 0.999488771, -1.0773209e-10, -0.0319722369)
			CFrameMon = CFrame.new(296.786499, 72.9948196, -57.1298141, -0.876037002, -5.3236498e-8, 0.482243896, -3.8765833e-8, 1, 3.9971873e-8, -0.482243896, 1.6322254e-8, -0.876037002)
			SPAWNPOINT = "DressTown"
		elseif MyLevel == 875 or MyLevel <= 899 or _G.Select_Mob_Farm == "Marine Lieutenant [Lv. 875]" then -- Marine Lieutenant [Lv. 875]
			Ms = "Marine Lieutenant [Lv. 875]"
			NameQuest = "MarineQuest3"
			LevelQuest = 1
			NameMon = "Marine Lieutenant"
			CFrameQuest = CFrame.new(-2442.65015, 73.0511475, -3219.11523, -0.873540044, 4.232984e-8, -0.486752301, 5.643834e-8, 1, -1.4322079e-8, 0.486752301, -3.99824e-8, -0.873540044)
			CFrameMon = CFrame.new(-2913.26367, 73.0011826, -2971.64282, 0.910507619, 0, 0.413492233, 0, 1.00000012, 0, -0.413492233, 0, 0.910507619)
			SPAWNPOINT = "Greenb"
		elseif MyLevel == 900 or MyLevel <= 949 or _G.Select_Mob_Farm == "Marine Captain [Lv. 900]" then -- Marine Captain [Lv. 900]
			Ms = "Marine Captain [Lv. 900]"
			NameQuest = "MarineQuest3"
			LevelQuest = 2
			NameMon = "Marine Captain"
			CFrameQuest = CFrame.new(-2442.65015, 73.0511475, -3219.11523, -0.873540044, 4.232984e-8, -0.486752301, 5.643834e-8, 1, -1.4322079e-8, 0.486752301, -3.99824e-8, -0.873540044)
			CFrameMon = CFrame.new(-1868.67688, 73.0011826, -3321.66333, -0.971402287, 1.0650209e-8, 0.237439692, 3.688562e-8, 1, 1.0605037e-7, -0.237439692, 1.11775684e-7, -0.971402287)
			SPAWNPOINT = "Greenb"
		elseif MyLevel == 950 or MyLevel <= 974 or _G.Select_Mob_Farm == "Zombie [Lv. 950]" then -- Zombie [Lv. 950]
			Ms = "Zombie [Lv. 950]"
			NameQuest = "ZombieQuest"
			LevelQuest = 1
			NameMon = "Zombie"
			CFrameQuest = CFrame.new(-5492.79395, 48.5151672, -793.710571, 0.321800292, -6.246958e-8, 0.946807742, 4.056161e-8, 1, 5.2193123e-8, -0.946807742, 2.160828e-8, 0.321800292)
			CFrameMon = CFrame.new(-5634.83838, 126.067039, -697.665039, -0.992770672, 6.7761894e-9, 0.120025545, 1.6546124e-8, 1, 8.040234e-8, -0.120025545, 8.180702e-8, -0.992770672)
			SPAWNPOINT = "Graveyard"
		elseif MyLevel == 975 or MyLevel <= 999 or _G.Select_Mob_Farm == "Vampire [Lv. 975]" then -- Vampire [Lv. 975]
			Ms = "Vampire [Lv. 975]"
			NameQuest = "ZombieQuest"
			LevelQuest = 2
			NameMon = "Vampire"
			CFrameQuest = CFrame.new(-5492.79395, 48.5151672, -793.710571, 0.321800292, -6.246958e-8, 0.946807742, 4.056161e-8, 1, 5.2193123e-8, -0.946807742, 2.160828e-8, 0.321800292)
			CFrameMon = CFrame.new(-6030.32031, 6.4377408, -1313.5564, -0.856965423, 3.9138893e-8, -0.515373945, -1.1217894e-8, 1, 9.4595855e-8, 0.515373945, 8.684678e-8, -0.856965423)
			SPAWNPOINT = "Graveyard"
		elseif MyLevel == 1000 or MyLevel <= 1049 or _G.Select_Mob_Farm == "Snow Trooper [Lv. 1000]" then -- Snow Trooper [Lv. 1000] **
			Ms = "Snow Trooper [Lv. 1000]"
			NameQuest = "SnowMountainQuest"
			LevelQuest = 1
			NameMon = "Snow Trooper"
			CFrameQuest = CFrame.new(604.964966, 401.457062, -5371.69287, 0.353063971, 1.8952043e-8, -0.935599446, -5.81846e-8, 1, -1.7003375e-9, 0.935599446, 5.5037784e-8, 0.353063971)
			CFrameMon = CFrame.new(535.893433, 401.457062, -5329.6958, -0.999524176, 0, 0.0308452044, 0, 1, -0, -0.0308452044, 0, -0.999524176)
			SPAWNPOINT = "Snowy"
		elseif MyLevel == 1050 or MyLevel <= 1099 or _G.Select_Mob_Farm == "Winter Warrior [Lv. 1050]" then -- Winter Warrior [Lv. 1050]
			Ms = "Winter Warrior [Lv. 1050]"
			NameQuest = "SnowMountainQuest"
			LevelQuest = 2
			NameMon = "Winter Warrior"
			CFrameQuest = CFrame.new(604.964966, 401.457062, -5371.69287, 0.353063971, 1.8952043e-8, -0.935599446, -5.81846e-8, 1, -1.7003375e-9, 0.935599446, 5.5037784e-8, 0.353063971)
			CFrameMon = CFrame.new(1223.7417, 454.575226, -5170.02148, 0.473996818, 2.5684535e-8, 0.880526543, -5.6245643e-8, 1, 1.1081102e-9, -0.880526543, -5.005102e-8, 0.473996818)
			SPAWNPOINT = "Snowy"
		elseif MyLevel == 1100 or MyLevel <= 1124 or _G.Select_Mob_Farm == "Lab Subordinate [Lv. 1100]" then -- Lab Subordinate [Lv. 1100]
			Ms = "Lab Subordinate [Lv. 1100]"
			NameQuest = "IceSideQuest"
			LevelQuest = 1
			NameMon = "Lab Subordinate"
			CFrameQuest = CFrame.new(-6060.10693, 15.9868021, -4904.7876, -0.411000341, -5.0653887e-7, 0.91163528, 1.2630606e-7, 1, 6.125813e-7, -0.91163528, 3.669162e-7, -0.411000341)
			CFrameMon = CFrame.new(-5769.2041, 37.9288292, -4468.38721, -0.569419742, -2.4905502e-8, 0.822046936, -6.9620654e-8, 1, -1.7928263e-8, -0.822046936, -6.7440155e-8, -0.569419742)
			SPAWNPOINT = "CircleIslandIce"
		elseif MyLevel == 1125 or MyLevel <= 1174 or _G.Select_Mob_Farm == "Horned Warrior [Lv. 1125]" then -- Horned Warrior [Lv. 1125]
			Ms = "Horned Warrior [Lv. 1125]"
			NameQuest = "IceSideQuest"
			LevelQuest = 2
			NameMon = "Horned Warrior"
			CFrameQuest = CFrame.new(-6060.10693, 15.9868021, -4904.7876, -0.411000341, -5.0653887e-7, 0.91163528, 1.2630606e-7, 1, 6.125813e-7, -0.91163528, 3.669162e-7, -0.411000341)
			CFrameMon = CFrame.new(-6400.85889, 24.7645149, -5818.63574, -0.964845479, 8.659266e-8, -0.262817472, 3.982614e-7, 1, -0.000001132604, 0.262817472, -0.0000011974581, -0.964845479)
			SPAWNPOINT = "CircleIslandIce"
		elseif MyLevel == 1175 or MyLevel <= 1199 or _G.Select_Mob_Farm == "Magma Ninja [Lv. 1175]" then -- Magma Ninja [Lv. 1175]
			Ms = "Magma Ninja [Lv. 1175]"
			NameQuest = "FireSideQuest"
			LevelQuest = 1
			NameMon = "Magma Ninja"
			CFrameQuest = CFrame.new(-5431.09473, 15.9868021, -5296.53223, 0.831796765, 1.15322464e-7, -0.555080295, -1.1081434e-7, 1, 4.17011e-8, 0.555080295, 2.6824017e-8, 0.831796765)
			CFrameMon = CFrame.new(-5496.65576, 58.6890411, -5929.76855, -0.885073781, 0, -0.465450764, 0, 1.00000012, -0, 0.465450764, 0, -0.885073781)
			SPAWNPOINT = "CircleIslandFire"
		elseif MyLevel == 1200 or MyLevel <= 1249 or _G.Select_Mob_Farm == "Lava Pirate [Lv. 1200]" then -- Lava Pirate [Lv. 1200]
			Ms = "Lava Pirate [Lv. 1200]"
			NameQuest = "FireSideQuest"
			LevelQuest = 2
			NameMon = "Lava Pirate"
			CFrameQuest = CFrame.new(-5431.09473, 15.9868021, -5296.53223, 0.831796765, 1.15322464e-7, -0.555080295, -1.1081434e-7, 1, 4.17011e-8, 0.555080295, 2.6824017e-8, 0.831796765)
			CFrameMon = CFrame.new(-5169.71729, 34.1234779, -4669.73633, -0.196780294, 0, 0.98044765, 0, 1.00000012, -0, -0.98044765, 0, -0.196780294)
			SPAWNPOINT = "CircleIslandFire"
		elseif MyLevel == 1250 or MyLevel <= 1274 or _G.Select_Mob_Farm == "Ship Deckhand [Lv. 1250]" then -- Ship Deckhand [Lv. 1250]
			Ms = "Ship Deckhand [Lv. 1250]"
			NameQuest = "ShipQuest1"
			LevelQuest = 1
			NameMon = "Ship Deckhand"
			CFrameQuest = CFrame.new(1037.80127, 125.092171, 32911.6016, -0.244533166, -0, -0.969640911, -0, 1.00000012, -0, 0.96964103, 0, -0.244533136)
			CFrameMon = CFrame.new(1163.80872, 138.288452, 33058.4258, -0.998580813, 5.4907698e-8, -0.0532564968, 5.5743676e-8, 1, -1.42118655e-8, 0.0532564968, -1.7160408e-8, -0.998580813)
			SPAWNPOINT = "Ship"
        elseif MyLevel == 1275 or MyLevel <= 1299 or _G.Select_Mob_Farm == "Ship Engineer [Lv. 1275]"  then -- Ship Engineer [Lv. 1275]
			Ms = "Ship Engineer [Lv. 1275]"
			NameQuest = "ShipQuest1"
			LevelQuest = 2
			NameMon = "Ship Engineer"
			CFrameQuest = CFrame.new(1037.80127, 125.092171, 32911.6016, -0.244533166, -0, -0.969640911, -0, 1.00000012, -0, 0.96964103, 0, -0.244533136)
			CFrameMon = CFrame.new(916.666504, 44.0920448, 32917.207, -0.99746871, -4.850347e-8, -0.0711069331, -4.892546e-8, 1, 4.192943e-9, 0.0711069331, 7.661269e-9, -0.99746871)
			SPAWNPOINT = "Ship"
        elseif MyLevel == 1300 or MyLevel <= 1324 or _G.Select_Mob_Farm == "Ship Steward [Lv. 1300]" then -- Ship Steward [Lv. 1300]
			Ms = "Ship Steward [Lv. 1300]"
			NameQuest = "ShipQuest2"
			LevelQuest = 1
			NameMon = "Ship Steward"
			CFrameQuest = CFrame.new(968.80957, 125.092171, 33244.125, -0.869560242, 1.5190519e-8, -0.493826836, 1.4410838e-8, 1, 5.385342e-9, 0.493826836, -2.4335791e-9, -0.869560242)
			CFrameMon = CFrame.new(918.743286, 129.591064, 33443.4609, -0.999792814, -1.7070947e-7, -0.020350717, -1.7255917e-7, 1, 8.913513e-8, 0.020350717, 9.262837e-8, -0.999792814)
			SPAWNPOINT = "Ship"
        elseif MyLevel == 1325 or MyLevel <= 1349 or _G.Select_Mob_Farm == "Ship Officer [Lv. 1325]" then -- Ship Officer [Lv. 1325]
			Ms = "Ship Officer [Lv. 1325]"
			NameQuest = "ShipQuest2"
			LevelQuest = 2
			NameMon = "Ship Officer"
			CFrameQuest = CFrame.new(968.80957, 125.092171, 33244.125, -0.869560242, 1.5190519e-8, -0.493826836, 1.4410838e-8, 1, 5.385342e-9, 0.493826836, -2.4335791e-9, -0.869560242)
			CFrameMon = CFrame.new(786.051941, 181.474106, 33303.2969, 0.999285698, -5.3219306e-8, 0.0377905183, 5.689686e-8, 1, -9.6238686e-8, -0.0377905183, 9.83201e-8, 0.999285698)
			SPAWNPOINT = "Ship"
        elseif MyLevel == 1350 or MyLevel <= 1374 or _G.Select_Mob_Farm == "Arctic Warrior [Lv. 1350]" then -- Arctic Warrior [Lv. 1350]
			Ms = "Arctic Warrior [Lv. 1350]"
			NameQuest = "FrostQuest"
			LevelQuest = 1
			NameMon = "Arctic Warrior"
			CFrameQuest = CFrame.new(5669.43506, 28.2117786, -6482.60107, 0.888092756, 1.02705066e-7, 0.459664226, -6.203918e-8, 1, -1.03572376e-7, -0.459664226, 6.346469e-8, 0.888092756)
			CFrameMon = CFrame.new(5995.07471, 57.3188477, -6183.47314, 0.702747107, -1.5345417e-7, -0.711440146, -1.08168464e-7, 1, -3.22542e-7, 0.711440146, 3.036209e-7, 0.702747107)
			SPAWNPOINT = "IceCastle"
        elseif MyLevel == 1375 or MyLevel <= 1424 or _G.Select_Mob_Farm == "Snow Lurker [Lv. 1375]" then -- Snow Lurker [Lv. 1375]
			Ms = "Snow Lurker [Lv. 1375]"
			NameQuest = "FrostQuest"
			LevelQuest = 2
			NameMon = "Snow Lurker"
			CFrameQuest = CFrame.new(5669.43506, 28.2117786, -6482.60107, 0.888092756, 1.02705066e-7, 0.459664226, -6.203918e-8, 1, -1.03572376e-7, -0.459664226, 6.346469e-8, 0.888092756)
			CFrameMon = CFrame.new(5518.00684, 60.5559731, -6828.80518, -0.650781393, -3.6429295e-8, 0.759265184, -4.0766865e-9, 1, 4.4485464e-8, -0.759265184, 2.5855025e-8, -0.650781393)
			SPAWNPOINT = "IceCastle"
		elseif MyLevel == 1425 or MyLevel <= 1449 or _G.Select_Mob_Farm == "Sea Soldier [Lv. 1425]" then -- Sea Soldier [Lv. 1425]
			Ms = "Sea Soldier [Lv. 1425]"
			NameQuest = "ForgottenQuest"
			LevelQuest = 1
			NameMon = "Sea Soldier"
			CFrameQuest = CFrame.new(-3052.99097, 236.881363, -10148.1943, -0.997911751, 4.42322e-8, 0.064591676, 4.9096876e-8, 1, 7.372701e-8, -0.064591676, 7.67443e-8, -0.997911751)
			CFrameMon = CFrame.new(-3029.78467, 66.944252, -9777.38184, -0.998552859, 1.0955508e-8, 0.0537791774, 7.795642e-9, 1, -5.8966066e-8, -0.0537791774, -5.8461488e-8, -0.998552859)
			SPAWNPOINT = "ForgottenIsland"
		elseif MyLevel >= 1450 or _G.Select_Mob_Farm == "Water Fighter [Lv. 1450]" then -- Water Fighter [Lv. 1450]
			Ms = "Water Fighter [Lv. 1450]"
			NameQuest = "ForgottenQuest"
			LevelQuest = 2
			NameMon = "Water Fighter"
			CFrameQuest = CFrame.new(-3052.99097, 236.881363, -10148.1943, -0.997911751, 4.42322e-8, 0.064591676, 4.9096876e-8, 1, 7.372701e-8, -0.064591676, 7.67443e-8, -0.997911751)
			CFrameMon = CFrame.new(-3262.00098, 298.699615, -10553.6943, -0.233570755, -4.575382e-8, 0.972339869, -5.8098607e-8, 1, 3.309922e-8, -0.972339869, -4.8760572e-8, -0.233570755)
            SPAWNPOINT = "ForgottenIsland"
		end
	elseif World3 then
		if MyLevel == 1500 or MyLevel <= 1524 or _G.Select_Mob_Farm == "Pirate Millionaire [Lv. 1500]" then
			Ms = "Pirate Millionaire [Lv. 1500]"
			NameQuest = "PiratePortQuest"
			LevelQuest = 1
			NameMon = "Pirate Millionaire"
			CFrameQuest = CFrame.new(-290.074677, 42.9034653, 5581.58984, 0.965929627, -0, -0.258804798, 0, 1, -0, 0.258804798, 0, 0.965929627)
			CFrameMon = CFrame.new(81.164993286133, 43.755737304688, 5724.7021484375)
			SPAWNPOINT = "Default"
		elseif MyLevel == 1525 or MyLevel <= 1574 or _G.Select_Mob_Farm == "Pistol Billionaire [Lv. 1525]" then
			Ms = "Pistol Billionaire [Lv. 1525]"
			NameQuest = "PiratePortQuest"
			LevelQuest = 2
			NameMon = "Pistol Billionaire"
			CFrameQuest = CFrame.new(-290.074677, 42.9034653, 5581.58984, 0.965929627, -0, -0.258804798, 0, 1, -0, 0.258804798, 0, 0.965929627)
			CFrameMon = CFrame.new(81.164993286133, 43.755737304688, 5724.7021484375)
			SPAWNPOINT = "Default"
		elseif MyLevel == 1575 or MyLevel <= 1599 or _G.Select_Mob_Farm == "Dragon Crew Warrior [Lv. 1575]" then
			Ms = "Dragon Crew Warrior [Lv. 1575]"
			NameQuest = "AmazonQuest"
			LevelQuest = 1
			NameMon = "Dragon Crew Warrior"
			CFrameQuest = CFrame.new(5832.83594, 51.6806107, -1101.51563, 0.898790359, -0, -0.438378751, 0, 1, -0, 0.438378751, 0, 0.898790359)
			CFrameMon = CFrame.new(6241.9951171875, 51.522083282471, -1243.9771728516)
			SPAWNPOINT = "Hydra3"
		elseif MyLevel == 1600 or MyLevel <= 1624 or _G.Select_Mob_Farm == "Dragon Crew Archer [Lv. 1600]" then
			Ms = "Dragon Crew Archer [Lv. 1600]"
			NameQuest = "AmazonQuest"
			LevelQuest = 2
			NameMon = "Dragon Crew Archer"
			CFrameQuest = CFrame.new(5832.83594, 51.6806107, -1101.51563, 0.898790359, -0, -0.438378751, 0, 1, -0, 0.438378751, 0, 0.898790359)
			CFrameMon = CFrame.new(6488.9155273438, 383.38375854492, -110.66246032715)
			SPAWNPOINT = "Hydra3"
		elseif MyLevel == 1625 or MyLevel <= 1649 or _G.Select_Mob_Farm == "Female Islander [Lv. 1625]" then
			Ms = "Female Islander [Lv. 1625]"
			NameQuest = "AmazonQuest2"
			LevelQuest = 1
			NameMon = "Female Islander"
			CFrameQuest = CFrame.new(5448.86133, 601.516174, 751.130676, 0, 0, 1, 0, 1, -0, -1, 0, 0)
			CFrameMon = CFrame.new(4770.4990234375, 758.95520019531, 1069.8680419922)
			SPAWNPOINT = "Hydra1"
		elseif MyLevel == 1650 or MyLevel <= 1699 or _G.Select_Mob_Farm == "Giant Islander [Lv. 1650]" then
			Ms = "Giant Islander [Lv. 1650]"
			NameQuest = "AmazonQuest2"
			LevelQuest = 2
			NameMon = "Giant Islander"
			CFrameQuest = CFrame.new(5448.86133, 601.516174, 751.130676, 0, 0, 1, 0, 1, -0, -1, 0, 0)
			CFrameMon = CFrame.new(4530.3540039063, 656.75695800781, -131.60952758789)
			SPAWNPOINT = "Hydra1"
		elseif MyLevel == 1700 or MyLevel <= 1724 or _G.Select_Mob_Farm == "Marine Commodore [Lv. 1700]" then
			Ms = "Marine Commodore [Lv. 1700]"
			NameQuest = "MarineTreeIsland"
			LevelQuest = 1
			NameMon = "Marine Commodore"
			CFrameQuest = CFrame.new(2180.54126, 27.8156815, -6741.5498, -0.965929747, 0, 0.258804798, 0, 1, 0, -0.258804798, 0, -0.965929747)
			CFrameMon = CFrame.new(2490.0844726563, 190.4232635498, -7160.0502929688)
			SPAWNPOINT = "GreatTree"
		elseif MyLevel == 1725 or MyLevel <= 1774 or _G.Select_Mob_Farm == "Marine Rear Admiral [Lv. 1725]" then
			Ms = "Marine Rear Admiral [Lv. 1725]"
			NameQuest = "MarineTreeIsland"
			LevelQuest = 2
			NameMon = "Marine Rear Admiral"
			CFrameQuest = CFrame.new(2180.54126, 27.8156815, -6741.5498, -0.965929747, 0, 0.258804798, 0, 1, 0, -0.258804798, 0, -0.965929747)
			CFrameMon = CFrame.new(3951.3903808594, 229.11549377441, -6912.81640625)
			SPAWNPOINT = "GreatTree"
		elseif MyLevel == 1775 or MyLevel <= 1799 or _G.Select_Mob_Farm == "Fishman Raider [Lv. 1775]" then
			Ms = "Fishman Raider [Lv. 1775]"
			NameQuest = "DeepForestIsland3"
			LevelQuest = 1
			NameMon = "Fishman Raider"
			CFrameQuest = CFrame.new(-10581.6563, 330.872955, -8761.18652, -0.882952213, 0, 0.469463557, 0, 1, 0, -0.469463557, 0, -0.882952213)
			CFrameMon = CFrame.new(-10322.400390625, 390.94473266602, -8580.0908203125)
			SPAWNPOINT = "PineappleTown"
		elseif MyLevel == 1800 or MyLevel <= 1824 or _G.Select_Mob_Farm == "Fishman Captain [Lv. 1800]" then
			Ms = "Fishman Captain [Lv. 1800]"
			NameQuest = "DeepForestIsland3"
			LevelQuest = 2
			NameMon = "Fishman Captain"
			CFrameQuest = CFrame.new(-10581.6563, 330.872955, -8761.18652, -0.882952213, 0, 0.469463557, 0, 1, 0, -0.469463557, 0, -0.882952213)
			CFrameMon = CFrame.new(-11194.541992188, 442.02795410156, -8608.806640625)
			SPAWNPOINT = "PineappleTown"
		elseif MyLevel == 1825 or MyLevel <= 1849 or _G.Select_Mob_Farm == "Forest Pirate [Lv. 1825]" then
			Ms = "Forest Pirate [Lv. 1825]"
			NameQuest = "DeepForestIsland"
			LevelQuest = 1
			NameMon = "Forest Pirate"
			CFrameQuest = CFrame.new(-13234.04, 331.488495, -7625.40137, 0.707134247, -0, -0.707079291, 0, 1, -0, 0.707079291, 0, 0.707134247)
			CFrameMon = CFrame.new(-13225.809570313, 428.19387817383, -7753.1245117188)
			SPAWNPOINT = "BigMansion"
		elseif MyLevel == 1850 or MyLevel <= 1899 or _G.Select_Mob_Farm == "Mythological Pirate [Lv. 1850]" then
			Ms = "Mythological Pirate [Lv. 1850]"
			NameQuest = "DeepForestIsland"
			LevelQuest = 2
			NameMon = "Mythological Pirate"
			CFrameQuest = CFrame.new(-13234.04, 331.488495, -7625.40137, 0.707134247, -0, -0.707079291, 0, 1, -0, 0.707079291, 0, 0.707134247)
			CFrameMon = CFrame.new(-13869.172851563, 564.95251464844, -7084.4135742188)
			SPAWNPOINT = "BigMansion"
		elseif MyLevel == 1900 or MyLevel <= 1924 or _G.Select_Mob_Farm == "Jungle Pirate [Lv. 1900]" then
			Ms = "Jungle Pirate [Lv. 1900]"
			NameQuest = "DeepForestIsland2"
			LevelQuest = 1
			NameMon = "Jungle Pirate"
			CFrameQuest = CFrame.new(-12680.3818, 389.971039, -9902.01953, -0.0871315002, 0, 0.996196866, 0, 1, 0, -0.996196866, 0, -0.0871315002)
			CFrameMon = CFrame.new(-11982.221679688, 376.32522583008, -10451.415039063)
			SPAWNPOINT = "PineappleTown"
		elseif MyLevel == 1925 or MyLevel <= 1974 or _G.Select_Mob_Farm == "Musketeer Pirate [Lv. 1925]" then
			Ms = "Musketeer Pirate [Lv. 1925]"
			NameQuest = "DeepForestIsland2"
			LevelQuest = 2
			NameMon = "Musketeer Pirate"
			CFrameQuest = CFrame.new(-12680.3818, 389.971039, -9902.01953, -0.0871315002, 0, 0.996196866, 0, 1, 0, -0.996196866, 0, -0.0871315002)
			CFrameMon = CFrame.new(-13282.3046875, 496.23684692383, -9565.150390625)
			SPAWNPOINT = "PineappleTown"
		elseif MyLevel == 1975 or MyLevel <= 1999 or _G.Select_Mob_Farm == "Reborn Skeleton [Lv. 1975]" then
			Ms = "Reborn Skeleton [Lv. 1975]"
			NameQuest = "HauntedQuest1"
			LevelQuest = 1
			NameMon = "Reborn Skeleton"
